((("setq" .
   [1 0 0 0])
  ("xrange" .
   [0 1 0 0 0 0])
  ("for" .
   [2 0 0])
  ("sleep-for" .
   [1 0 0 0 0 0 0 0 0])
  ("TODO" .
   [1 0 0 0])
  ("run" .
   [5 0 0])
  ("GIT_LUMIN_TAG" .
   [0 0 0 1 0 1 0 0 0 0 0 0 0])
  ("with" .
   [4 0 0 0])
  ("GIT_PYMONGO_TAG" .
   [0 0 1 0 0 1 0 0 0 0 0 0 0 0 0])
  ("GIT_CROI_TAG" .
   [0 0 0 0 0 1 0 0 1 0 0 0])
  ("BUILDOUT_DIR" .
   [0 0 0 0 1 0 0 0 1 0 0 0])
  ("cfg" .
   [2 0 0])
  ("2011" .
   [1 0 0 0])
  ("urls" .
   [9 0 0 0])
  ("request" .
   [12 0 0 0 0 0 0])
  ("response_content_type" .
   [1 0 0 0 0 0 0 0 0 0 0 0 0 0 0 0 0 0 0 0 1])
  ("parts" .
   [9 0 1 0 0])
  ("db" .
   [3 0])
  ("pfi" .
   [1 0 0])
  ("parts_coll" .
   [2 0 0 0 0 0 0 0 0 0])
  ("part" .
   [3 0 0 0])
  ("in" .
   [1 0])
  ("enumerate" .
   [2 0 0 0 0 0 0 0 0])
  ("10" .
   [2 0])
  ("break" .
   [1 0 0 0 0])
  ("loc" .
   [4 0 0])
  ("route_url" .
   [2 0 0 0 0 0 0 0 0])
  ("slug" .
   [1 0 0 0])
  ("_id" .
   [1 0 0])
  ("lastmod" .
   [2 0 0 0 0 0 0])
  ("mtime" .
   [1 0 0 0 0])
  ("append" .
   [2 0 0 0 0 0])
  ("logging" .
   [2 0 0 0 0 0 0])
  ("info" .
   [1 0 0 0])
  ("count" .
   [6 0 0 0 0])
  ("INFO" .
   [2 0 0 0])
  ("100" .
   [2 0 0])
  ("True" .
   [2 0 0 0])
  ("manufacturers" .
   [1 0 0 0 0 0 0 0 0 0 0 0 0])
  ("find" .
   [1 0 0 0])
  ("RETRIEVE_ONLY" .
   [0 0 0 0 0 0 0 1 0 0 0 0 0])
  ("mfgrs" .
   [6 0 0 0 0])
  ("mfgr" .
   [2 0 0 0])
  ("50" .
   [1 0])
  ("50000" .
   [1 0 0 0 0])
  ("parts_count" .
   [3 0 0 0 0 0 0 0 0 0 0])
  ("mfgrs_count" .
   [2 0 0 0 0 0 0 0 0 0 0])
  ("MAX_URLS" .
   [2 0 1 0 1 0 0 1])
  ("error" .
   [1 0 0 0 0])
  ("int" .
   [4 0 0])
  ("range" .
   [1 0 0 0 0])
  ("parts_files" .
   [2 0 0 0 0 0 0 0 0 0 0])
  ("mfgrs_files" .
   [1 0 0 0 0 0 0 0 0 0 0])
  ("index" .
   [1 0 0 0 0])
  ("def" .
   [2 0 0])
  ("pass" .
   [2 0 0 0])
  ("chunk" .
   [8 0 0 0 0])
  ("return" .
   [3 0 0 0 0 0])
  ("skip" .
   [1 0 0 0])
  ("limit" .
   [1 0 0 0 0])
  ("match" .
   [1 0 0 0 0])
  ("matchdict" .
   [2 0 0 0 0 0 0 0 0])
  ("collection" .
   [2 0 0 0 0 0 0 0 0 0])
  ("slugattr" .
   [2 0 0 0 0 0 0 0])
  ("view_name" .
   [1 0 0 0 0 0 0 0 0])
  ("things_chunk_xml" .
   [2 0 0 0 0 0 0 0 0 0 0 0 0 0 0 0])
  ("route" .
   [2 0 0 0 0])
  ("thing" .
   [1 0 0 0 0])
  ("mfgrs_chunk_xml" .
   [1 0 0 0 0 0 0 0 0 0 0 0 0 0 0])
  ("try" .
   [1 0 0])
  ("things" .
   [1 0 0 0 0 0])
  ("raise" .
   [1 0 0 0 0])
  ("Not" .
   [1 0 0])
  ("NotFound" .
   [1 0 0 0 0 0 0 0])
  ("if" .
   [1 0])
  ("WARNING" .
   [1 0 0 0 0 0 0])))
